
dev
   978 <->    934
   979        935
   980        936
   981        937
   983        942
   984        943
   985        944
   986        945
   988        950
   989        951
   990        952
   991        953
   993        958
   994        959
   995        960
   996        961
   998        966
   999        967
  1000        968
  1001        969
  1003        974
  1004        975
  1005        976
  1006        977
  1008        982
  1009        983
  1010        984
  1011        985
  1013        990
  1014        991
  1015        992
  1016        993

dev
   979 <->    935
   980        936
   981        937
   983        942
   984        943
   985        944
   986        945
   988        950
   989        951
   990        952
   991        953
   993        958
   994        959
   995        960
   996        961
   998        966
   999        967
  1000        968
  1001        969
  1003        974
  1004        975
  1005        976
  1006        977
  1008        982
  1009        983
  1010        984
  1011        985
  1013        990
  1014        991
  1015        992
  1016        993

dev
   980 <->    936
   981        937
   983        942
   984        943
   985        944
   986        945
   988        950
   989        951
   990        952
   991        953
   993        958
   994        959
   995        960
   996        961
   998        966
   999        967
  1000        968
  1001        969
  1003        974
  1004        975
  1005        976
  1006        977
  1008        982
  1009        983
  1010        984
  1011        985
  1013        990
  1014        991
  1015        992
  1016        993

dev
   981 <->    937
   983        942
   984        943
   985        944
   986        945
   988        950
   989        951
   990        952
   991        953
   993        958
   994        959
   995        960
   996        961
   998        966
   999        967
  1000        968
  1001        969
  1003        974
  1004        975
  1005        976
  1006        977
  1008        982
  1009        983
  1010        984
  1011        985
  1013        990
  1014        991
  1015        992
  1016        993

dev
   983 <->    942
   984        943
   985        944
   986        945
   988        950
   989        951
   990        952
   991        953
   993        958
   994        959
   995        960
   996        961
   998        966
   999        967
  1000        968
  1001        969
  1003        974
  1004        975
  1005        976
  1006        977
  1008        982
  1009        983
  1010        984
  1011        985
  1013        990
  1014        991
  1015        992
  1016        993

dev
   984 <->    943
   985        944
   986        945
   988        950
   989        951
   990        952
   991        953
   993        958
   994        959
   995        960
   996        961
   998        966
   999        967
  1000        968
  1001        969
  1003        974
  1004        975
  1005        976
  1006        977
  1008        982
  1009        983
  1010        984
  1011        985
  1013        990
  1014        991
  1015        992
  1016        993

dev
   985 <->    944
   986        945
   988        950
   989        951
   990        952
   991        953
   993        958
   994        959
   995        960
   996        961
   998        966
   999        967
  1000        968
  1001        969
  1003        974
  1004        975
  1005        976
  1006        977
  1008        982
  1009        983
  1010        984
  1011        985
  1013        990
  1014        991
  1015        992
  1016        993

dev
   986 <->    945
   988        950
   989        951
   990        952
   991        953
   993        958
   994        959
   995        960
   996        961
   998        966
   999        967
  1000        968
  1001        969
  1003        974
  1004        975
  1005        976
  1006        977
  1008        982
  1009        983
  1010        984
  1011        985
  1013        990
  1014        991
  1015        992
  1016        993

dev
   988 <->    950
   989        951
   990        952
   991        953
   993        958
   994        959
   995        960
   996        961
   998        966
   999        967
  1000        968
  1001        969
  1003        974
  1004        975
  1005        976
  1006        977
  1008        982
  1009        983
  1010        984
  1011        985
  1013        990
  1014        991
  1015        992
  1016        993

dev
   989 <->    951
   990        952
   991        953
   993        958
   994        959
   995        960
   996        961
   998        966
   999        967
  1000        968
  1001        969
  1003        974
  1004        975
  1005        976
  1006        977
  1008        982
  1009        983
  1010        984
  1011        985
  1013        990
  1014        991
  1015        992
  1016        993

dev
   990 <->    952
   991        953
   993        958
   994        959
   995        960
   996        961
   998        966
   999        967
  1000        968
  1001        969
  1003        974
  1004        975
  1005        976
  1006        977
  1008        982
  1009        983
  1010        984
  1011        985
  1013        990
  1014        991
  1015        992
  1016        993

dev
   991 <->    953
   993        958
   994        959
   995        960
   996        961
   998        966
   999        967
  1000        968
  1001        969
  1003        974
  1004        975
  1005        976
  1006        977
  1008        982
  1009        983
  1010        984
  1011        985
  1013        990
  1014        991
  1015        992
  1016        993

dev
   993 <->    958
   994        959
   995        960
   996        961
   998        966
   999        967
  1000        968
  1001        969
  1003        974
  1004        975
  1005        976
  1006        977
  1008        982
  1009        983
  1010        984
  1011        985
  1013        990
  1014        991
  1015        992
  1016        993

dev
   994 <->    959
   995        960
   996        961
   998        966
   999        967
  1000        968
  1001        969
  1003        974
  1004        975
  1005        976
  1006        977
  1008        982
  1009        983
  1010        984
  1011        985
  1013        990
  1014        991
  1015        992
  1016        993

dev
   995 <->    960
   996        961
   998        966
   999        967
  1000        968
  1001        969
  1003        974
  1004        975
  1005        976
  1006        977
  1008        982
  1009        983
  1010        984
  1011        985
  1013        990
  1014        991
  1015        992
  1016        993

dev
   996 <->    961
   998        966
   999        967
  1000        968
  1001        969
  1003        974
  1004        975
  1005        976
  1006        977
  1008        982
  1009        983
  1010        984
  1011        985
  1013        990
  1014        991
  1015        992
  1016        993

dev
   998 <->    966
   999        967
  1000        968
  1001        969
  1003        974
  1004        975
  1005        976
  1006        977
  1008        982
  1009        983
  1010        984
  1011        985
  1013        990
  1014        991
  1015        992
  1016        993

dev
   999 <->    967
  1000        968
  1001        969
  1003        974
  1004        975
  1005        976
  1006        977
  1008        982
  1009        983
  1010        984
  1011        985
  1013        990
  1014        991
  1015        992
  1016        993

dev
  1000 <->    968
  1001        969
  1003        974
  1004        975
  1005        976
  1006        977
  1008        982
  1009        983
  1010        984
  1011        985
  1013        990
  1014        991
  1015        992
  1016        993

dev
  1001 <->    969
  1003        974
  1004        975
  1005        976
  1006        977
  1008        982
  1009        983
  1010        984
  1011        985
  1013        990
  1014        991
  1015        992
  1016        993

dev
  1003 <->    974
  1004        975
  1005        976
  1006        977
  1008        982
  1009        983
  1010        984
  1011        985
  1013        990
  1014        991
  1015        992
  1016        993

dev
  1004 <->    975
  1005        976
  1006        977
  1008        982
  1009        983
  1010        984
  1011        985
  1013        990
  1014        991
  1015        992
  1016        993

dev
  1005 <->    976
  1006        977
  1008        982
  1009        983
  1010        984
  1011        985
  1013        990
  1014        991
  1015        992
  1016        993

dev
  1006 <->    977
  1008        982
  1009        983
  1010        984
  1011        985
  1013        990
  1014        991
  1015        992
  1016        993

dev
  1008 <->    982
  1009        983
  1010        984
  1011        985
  1013        990
  1014        991
  1015        992
  1016        993

dev
  1009 <->    983
  1010        984
  1011        985
  1013        990
  1014        991
  1015        992
  1016        993

dev
  1010 <->    984
  1011        985
  1013        990
  1014        991
  1015        992
  1016        993

dev
  1011 <->    985
  1013        990
  1014        991
  1015        992
  1016        993

dev
  1013 <->    990
  1014        991
  1015        992
  1016        993

dev
  1014 <->    991
  1015        992
  1016        993

dev
  1015 <->    992
  1016 <->    993
